7.506433789363413780e+02 7.843200000000000394e+00 3.514022215605479651e-04
1.050643378936341378e+03 7.843200000000000394e+00 3.238853790072942921e-04
1.350643378936341378e+03 7.843200000000000394e+00 3.095687804113247303e-04
1.650643378936341378e+03 7.843200000000000394e+00 3.039404600170465300e-04
2.197998263658610085e+03 7.843200000000000394e+00 3.010419885389094686e-04
2.745353148380877428e+03 7.843200000000000394e+00 3.043810099552839914e-04
3.292708033103146136e+03 7.843200000000000394e+00 3.115087524376592711e-04
3.749857526753247384e+03 7.843200000000000394e+00 3.208933791712479397e-04
3.877009667316703599e+03 7.843200000000000394e+00 3.216054706078352887e-04
4.004161807880159813e+03 7.843200000000000394e+00 3.223924140939085897e-04
4.131313948443616027e+03 7.843200000000000394e+00 3.232438578244684361e-04
7.506433789363413780e+02 9.523885714285714954e+00 2.893977231502168398e-04
1.050643378936341378e+03 9.523885714285714954e+00 2.667363921025430904e-04
1.350643378936341378e+03 9.523885714285714954e+00 2.549466116295163293e-04
1.650643378936341378e+03 9.523885714285714954e+00 2.503109836849297973e-04
2.197998263658610085e+03 9.523885714285714954e+00 2.479237458121632122e-04
2.745353148380877428e+03 9.523885714285714954e+00 2.506732871507528593e-04
3.292708033103146136e+03 9.523885714285714954e+00 2.565429830141827063e-04
3.749857526753247384e+03 9.523885714285714954e+00 2.642712460383345131e-04
3.877009667316703599e+03 9.523885714285714954e+00 2.648577858582878020e-04
4.004161807880159813e+03 9.523885714285714954e+00 2.655059746631723006e-04
7.506433789363413780e+02 1.120457142857142863e+01 2.459945747519972194e-04
1.050643378936341378e+03 1.120457142857142863e+01 2.267321018837824406e-04
1.350643378936341378e+03 1.120457142857142863e+01 2.167110940598957153e-04
1.650643378936341378e+03 1.120457142857142863e+01 2.127703507591555642e-04
2.197998263658610085e+03 1.120457142857142863e+01 2.107409763862439693e-04
2.745353148380877428e+03 1.120457142857142863e+01 2.130778816446066788e-04
3.292708033103146136e+03 1.120457142857142863e+01 2.180669448497549905e-04
3.749857526753247384e+03 1.120457142857142863e+01 2.246357532435771783e-04
3.877009667316703599e+03 1.120457142857142863e+01 2.251344069475375606e-04
7.506433789363413780e+02 1.288525714285714230e+01 2.139139872310822667e-04
1.050643378936341378e+03 1.288525714285714230e+01 1.971637139691896602e-04
1.350643378936341378e+03 1.288525714285714230e+01 1.884500598368880756e-04
1.650643378936341378e+03 1.288525714285714230e+01 1.850229268694153300e-04
2.197998263658610085e+03 1.288525714285714230e+01 1.832580602741781990e-04
2.745353148380877428e+03 1.288525714285714230e+01 1.852899736179412001e-04
3.292708033103146136e+03 1.288525714285714230e+01 1.896281344082974610e-04
3.749857526753247384e+03 1.288525714285714230e+01 1.953399545677513081e-04
7.506433789363413780e+02 1.456594285714285775e+01 1.892366125910570796e-04
1.050643378936341378e+03 1.456594285714285775e+01 1.744188005590058016e-04
1.350643378936341378e+03 1.456594285714285775e+01 1.667108031867039217e-04
1.650643378936341378e+03 1.456594285714285775e+01 1.636787550276939040e-04
2.197998263658610085e+03 1.456594285714285775e+01 1.621173559146202650e-04
2.745353148380877428e+03 1.456594285714285775e+01 1.639146600907439764e-04
3.292708033103146136e+03 1.456594285714285775e+01 1.677521267088644998e-04
7.506433789363413780e+02 1.624662857142857320e+01 1.696649020070142540e-04
1.050643378936341378e+03 1.624662857142857320e+01 1.563797316338746881e-04
1.350643378936341378e+03 1.624662857142857320e+01 1.494693241729960385e-04
1.650643378936341378e+03 1.624662857142857320e+01 1.467506190929350278e-04
2.197998263658610085e+03 1.624662857142857320e+01 1.453505907472577073e-04
2.745353148380877428e+03 1.624662857142857320e+01 1.469618255919436639e-04
7.506433789363413780e+02 1.792731428571428509e+01 1.537628874632010945e-04
1.050643378936341378e+03 1.792731428571428509e+01 1.417229884339393212e-04
1.350643378936341378e+03 1.792731428571428509e+01 1.354606228356110287e-04
1.650643378936341378e+03 1.792731428571428509e+01 1.329965089627627487e-04
2.197998263658610085e+03 1.792731428571428509e+01 1.317275943513715258e-04
7.506433789363413780e+02 1.960800000000000054e+01 1.405869328349683943e-04
1.050643378936341378e+03 1.960800000000000054e+01 1.295788300575055434e-04
1.350643378936341378e+03 1.960800000000000054e+01 1.238534135970298833e-04
1.650643378936341378e+03 1.960800000000000054e+01 1.216002465731582684e-04
