5.603016700010889508e+02 7.843200000000000394e+00 3.871771154569360004e-04
8.603016700010889508e+02 7.843200000000000394e+00 3.393844642051463563e-04
1.160301670001088951e+03 7.843200000000000394e+00 3.175822694816775424e-04
1.460301670001088951e+03 7.843200000000000394e+00 3.084574667525936519e-04
1.760301670001088951e+03 7.843200000000000394e+00 3.020023671262264458e-04
2.060301670001088951e+03 7.843200000000000394e+00 3.020761567657055864e-04
2.470817833542789685e+03 7.843200000000000394e+00 2.999054384572606745e-04
2.881333997084490875e+03 7.843200000000000394e+00 3.044624397819514967e-04
3.291850160626192064e+03 7.843200000000000394e+00 3.115057804365255244e-04
3.432090237331477965e+03 7.843200000000000394e+00 3.120520308363197172e-04
3.527454342754070240e+03 7.843200000000000394e+00 3.124904187404400663e-04
3.622818448176662059e+03 7.843200000000000394e+00 3.129811967776516182e-04
3.718182553599254334e+03 7.843200000000000394e+00 3.207280127579747401e-04
5.603016700010889508e+02 9.243771428571429638e+00 3.285201919991012479e-04
8.603016700010889508e+02 9.243771428571429638e+00 2.879686241658054578e-04
1.160301670001088951e+03 9.243771428571429638e+00 2.694700820028165448e-04
1.460301670001088951e+03 9.243771428571429638e+00 2.617273993627876414e-04
1.760301670001088951e+03 9.243771428571429638e+00 2.562506073311100665e-04
2.060301670001088951e+03 9.243771428571429638e+00 2.563127814057522460e-04
2.470817833542789685e+03 9.243771428571429638e+00 2.544713113364924857e-04
2.881333997084490875e+03 9.243771428571429638e+00 2.583375224297626213e-04
3.291850160626192064e+03 9.243771428571429638e+00 2.643133977213284885e-04
3.432090237331477965e+03 9.243771428571429638e+00 2.647769948341058689e-04
3.527454342754070240e+03 9.243771428571429638e+00 2.651490408685350155e-04
3.622818448176662059e+03 9.243771428571429638e+00 2.655655419157317942e-04
5.603016700010889508e+02 1.064434285714285799e+01 2.852993012932920533e-04
8.603016700010889508e+02 1.064434285714285799e+01 2.500832686891606127e-04
1.160301670001088951e+03 1.064434285714285799e+01 2.340189968668497905e-04
1.460301670001088951e+03 1.064434285714285799e+01 2.272947184699371183e-04
1.760301670001088951e+03 1.064434285714285799e+01 2.225387847163550360e-04
2.060301670001088951e+03 1.064434285714285799e+01 2.225923998971172371e-04
2.470817833542789685e+03 1.064434285714285799e+01 2.209935338488586501e-04
2.881333997084490875e+03 1.064434285714285799e+01 2.243507415727585548e-04
3.291850160626192064e+03 1.064434285714285799e+01 2.295400634049581242e-04
3.432090237331477965e+03 1.064434285714285799e+01 2.299427581391216466e-04
3.527454342754070240e+03 1.064434285714285799e+01 2.302659206807729177e-04
5.603016700010889508e+02 1.204491428571428813e+01 2.521297807506716043e-04
8.603016700010889508e+02 1.204491428571428813e+01 2.210084612683563786e-04
1.160301670001088951e+03 1.204491428571428813e+01 2.068123504659965671e-04
1.460301670001088951e+03 1.204491428571428813e+01 2.008696380868264905e-04
1.760301670001088951e+03 1.204491428571428813e+01 1.966669211859513756e-04
2.060301670001088951e+03 1.204491428571428813e+01 1.967139678730165948e-04
2.470817833542789685e+03 1.204491428571428813e+01 1.953012863549300762e-04
2.881333997084490875e+03 1.204491428571428813e+01 1.982678635498486713e-04
3.291850160626192064e+03 1.204491428571428813e+01 2.028535513016296637e-04
3.432090237331477965e+03 1.204491428571428813e+01 2.032095070338194292e-04
5.603016700010889508e+02 1.344548571428571648e+01 2.258705771952445663e-04
8.603016700010889508e+02 1.344548571428571648e+01 1.979909056398586993e-04
1.160301670001088951e+03 1.344548571428571648e+01 1.852737556955193308e-04
1.460301670001088951e+03 1.344548571428571648e+01 1.799497830542745472e-04
1.760301670001088951e+03 1.344548571428571648e+01 1.761850295357393951e-04
2.060301670001088951e+03 1.344548571428571648e+01 1.762268761196141974e-04
2.470817833542789685e+03 1.344548571428571648e+01 1.749615907317486271e-04
2.881333997084490875e+03 1.344548571428571648e+01 1.776189187253937412e-04
3.291850160626192064e+03 1.344548571428571648e+01 1.817267294698637198e-04
5.603016700010889508e+02 1.484605714285714484e+01 2.045659405364189879e-04
8.603016700010889508e+02 1.484605714285714484e+01 1.793162852570346299e-04
1.160301670001088951e+03 1.484605714285714484e+01 1.677990469996800511e-04
1.460301670001088951e+03 1.484605714285714484e+01 1.629770707258962987e-04
1.760301670001088951e+03 1.484605714285714484e+01 1.595676460217394929e-04
2.060301670001088951e+03 1.484605714285714484e+01 1.596052736169126024e-04
2.470817833542789685e+03 1.484605714285714484e+01 1.584595738083856081e-04
2.881333997084490875e+03 1.484605714285714484e+01 1.608660014772077208e-04
5.603016700010889508e+02 1.624662857142857320e+01 1.869345172665756380e-04
8.603016700010889508e+02 1.624662857142857320e+01 1.638614272115459332e-04
1.160301670001088951e+03 1.624662857142857320e+01 1.533372190566072710e-04
1.460301670001088951e+03 1.624662857142857320e+01 1.489306883378238317e-04
1.760301670001088951e+03 1.624662857142857320e+01 1.458153288846280942e-04
2.060301670001088951e+03 1.624662857142857320e+01 1.458494648690586990e-04
2.470817833542789685e+03 1.624662857142857320e+01 1.448027324728343396e-04
5.603016700010889508e+02 1.764720000000000155e+01 1.721017327692768136e-04
8.603016700010889508e+02 1.764720000000000155e+01 1.508597214229349406e-04
1.160301670001088951e+03 1.764720000000000155e+01 1.411709198668915390e-04
1.460301670001088951e+03 1.764720000000000155e+01 1.371138916547397484e-04
1.760301670001088951e+03 1.764720000000000155e+01 1.342459194632621871e-04
2.060301670001088951e+03 1.764720000000000155e+01 1.342771180296667714e-04
