7.500000000000000000e+02 7.843200000000000394e+00 3.514907206266055725e-04
1.310301670001088951e+03 7.843200000000000394e+00 3.110167594972389226e-04
2.060301670001088951e+03 7.843200000000000394e+00 3.020761567657055864e-04
2.634408184620182055e+03 7.843200000000000394e+00 3.044446927692300172e-04
3.384408184620182055e+03 7.843200000000000394e+00 3.118531483881029770e-04
3.718182553599254334e+03 7.843200000000000394e+00 3.207280127579747401e-04
7.500000000000000000e+02 1.274520000000000053e+01 2.163186721797454156e-04
1.310301670001088951e+03 1.274520000000000053e+01 1.914114161446833296e-04
2.060301670001088951e+03 1.274520000000000053e+01 1.859075897702507779e-04
2.634408184620182055e+03 1.274520000000000053e+01 1.873646879298747987e-04
3.384408184620182055e+03 1.274520000000000053e+01 1.919236835986492975e-04
7.500000000000000000e+02 1.764720000000000155e+01 1.562422088434350985e-04
1.310301670001088951e+03 1.764720000000000155e+01 1.382534888138826196e-04
2.060301670001088951e+03 1.764720000000000155e+01 1.342771180296667714e-04
