3.589355472156102564e+02 7.843200000000000394e+00 4.093645631222420935e-04
4.501597403858140751e+02 7.843200000000000394e+00 3.620286007247461757e-04
6.501597403858140751e+02 7.843200000000000394e+00 3.052213981610104525e-04
8.501597403858140751e+02 7.843200000000000394e+00 2.756736135782737892e-04
1.050159740385814075e+03 7.843200000000000394e+00 2.578257730141037831e-04
1.250159740385814075e+03 7.843200000000000394e+00 2.494206848682372973e-04
1.450159740385814075e+03 7.843200000000000394e+00 2.413650693454507453e-04
1.650159740385814075e+03 7.843200000000000394e+00 2.335232515271764675e-04
1.850159740385814075e+03 7.843200000000000394e+00 2.291889894056188916e-04
2.050159740385814075e+03 7.843200000000000394e+00 2.259484392104134127e-04
2.250159740385814075e+03 7.843200000000000394e+00 2.285265128433240417e-04
2.450159740385814075e+03 7.843200000000000394e+00 2.267014019593440886e-04
2.650159740385814075e+03 7.843200000000000394e+00 2.253520239507359054e-04
2.850159740385814075e+03 7.843200000000000394e+00 2.243871473665517871e-04
3.050159740385814075e+03 7.843200000000000394e+00 2.300163304038714866e-04
3.250159740385814075e+03 7.843200000000000394e+00 2.295956464901867692e-04
3.450159740385814075e+03 7.843200000000000394e+00 2.293934415388318275e-04
3.650159740385814075e+03 7.843200000000000394e+00 2.293821658139811508e-04
3.850159740385814075e+03 7.843200000000000394e+00 2.370258791335851046e-04
4.050159740385814075e+03 7.843200000000000394e+00 2.372863557675276250e-04
4.250159740385814075e+03 7.843200000000000394e+00 2.376765085584296136e-04
4.450159740385814075e+03 7.843200000000000394e+00 2.469345767471238322e-04
3.589355472156102564e+02 1.029420000000000002e+01 3.119023980223874790e-04
4.567371815797969248e+02 1.029420000000000002e+01 2.737994139381366688e-04
6.567371815797969248e+02 1.029420000000000002e+01 2.315892026983518452e-04
8.567371815797969248e+02 1.029420000000000002e+01 2.094890612934016553e-04
1.056737181579796925e+03 1.029420000000000002e+01 1.960920678478996404e-04
1.256737181579796925e+03 1.029420000000000002e+01 1.898039863901746437e-04
1.456737181579796925e+03 1.029420000000000002e+01 1.837350306192093996e-04
1.656737181579796925e+03 1.029420000000000002e+01 1.778041850066149749e-04
1.856737181579796925e+03 1.029420000000000002e+01 1.745339232149111127e-04
2.056737181579796925e+03 1.029420000000000002e+01 1.720884216663574396e-04
2.256737181579796925e+03 1.029420000000000002e+01 1.740694449351471329e-04
2.456737181579796925e+03 1.029420000000000002e+01 1.726923195028652787e-04
2.656737181579796925e+03 1.029420000000000002e+01 1.716750068554949980e-04
2.856737181579796925e+03 1.029420000000000002e+01 1.709487134011972783e-04
3.056737181579796925e+03 1.029420000000000002e+01 1.752434685059260601e-04
3.256737181579796925e+03 1.029420000000000002e+01 1.749289677535811318e-04
3.456737181579796925e+03 1.029420000000000002e+01 1.747801580671060930e-04
3.656737181579796925e+03 1.029420000000000002e+01 1.747762109565800532e-04
3.856737181579796925e+03 1.029420000000000002e+01 1.806023817433725118e-04
4.056737181579796925e+03 1.029420000000000002e+01 1.808043767320680528e-04
4.256737181579796925e+03 1.029420000000000002e+01 1.811049201031710552e-04
3.589355472156102564e+02 1.274520000000000053e+01 2.519256809176707293e-04
4.633146227737788649e+02 1.274520000000000053e+01 2.195519338230293596e-04
6.633146227737788649e+02 1.274520000000000053e+01 1.862930397884601243e-04
8.633146227737788649e+02 1.274520000000000053e+01 1.687673171083841532e-04
1.063314622773778865e+03 1.274520000000000053e+01 1.581059544293894896e-04
1.263314622773778865e+03 1.274520000000000053e+01 1.531190359724624310e-04
1.463314622773778865e+03 1.274520000000000053e+01 1.482718620567040194e-04
1.663314622773778865e+03 1.274520000000000053e+01 1.435165344949975233e-04
1.863314622773778865e+03 1.274520000000000053e+01 1.409007616446562080e-04
2.063314622773778865e+03 1.274520000000000053e+01 1.389443405272506606e-04
2.263314622773778865e+03 1.274520000000000053e+01 1.405578089803716539e-04
2.463314622773778865e+03 1.274520000000000053e+01 1.394562842401865781e-04
2.663314622773778865e+03 1.274520000000000053e+01 1.386432526284351327e-04
2.863314622773778865e+03 1.274520000000000053e+01 1.380637441143084832e-04
3.063314622773778865e+03 1.274520000000000053e+01 1.415372699543167778e-04
3.263314622773778865e+03 1.274520000000000053e+01 1.412880894386207549e-04
3.463314622773778865e+03 1.274520000000000053e+01 1.411721206066181538e-04
3.663314622773778865e+03 1.274520000000000053e+01 1.458013952176077271e-04
3.863314622773778865e+03 1.274520000000000053e+01 1.458803336923335367e-04
4.063314622773778865e+03 1.274520000000000053e+01 1.460463313434283796e-04
3.589355472156102564e+02 1.519620000000000104e+01 2.112962929680903571e-04
4.614287499223337363e+02 1.519620000000000104e+01 1.845248508400398457e-04
6.614287499223337363e+02 1.519620000000000104e+01 1.564327448340188935e-04
8.614287499223337363e+02 1.519620000000000104e+01 1.416568407817417417e-04
1.061428749922333736e+03 1.519620000000000104e+01 1.326772574770911518e-04
1.261428749922333736e+03 1.519620000000000104e+01 1.284722932823452403e-04
1.461428749922333736e+03 1.519620000000000104e+01 1.243940108491027596e-04
1.661428749922333736e+03 1.519620000000000104e+01 1.203971251406184956e-04
1.861428749922333736e+03 1.519620000000000104e+01 1.181972610679940256e-04
2.061428749922333736e+03 1.519620000000000104e+01 1.165520423561191730e-04
2.261428749922333736e+03 1.519620000000000104e+01 1.179016024151096530e-04
2.461428749922333736e+03 1.519620000000000104e+01 1.169752936958537399e-04
2.661428749922333736e+03 1.519620000000000104e+01 1.162914554661925276e-04
2.861428749922333736e+03 1.519620000000000104e+01 1.158038724267115914e-04
3.061428749922333736e+03 1.519620000000000104e+01 1.187155700368040866e-04
3.589355472156102564e+02 1.764720000000000155e+01 1.819528464586172916e-04
5.588609119914985968e+02 1.764720000000000155e+01 1.449086030287009103e-04
7.588609119914985968e+02 1.764720000000000155e+01 1.276395979977295160e-04
9.588609119914985968e+02 1.764720000000000155e+01 1.177902091051988905e-04
1.158860911991498597e+03 1.764720000000000155e+01 1.129738340763972680e-04
1.358860911991498597e+03 1.764720000000000155e+01 1.087733545372168557e-04
1.558860911991498597e+03 1.764720000000000155e+01 1.057868722477073911e-04
1.758860911991498597e+03 1.764720000000000155e+01 1.026867859814167231e-04
1.958860911991498597e+03 1.764720000000000155e+01 1.010438424544963696e-04
