3.750000000000000000e+02 7.500000000000000000e+00 4.282472427814931325e-04
6.920845581356143157e+02 7.500000000000000000e+00 3.149780570054097704e-04
1.009169116271228631e+03 7.500000000000000000e+00 2.740292887855210651e-04
1.326253674406842947e+03 7.500000000000000000e+00 2.576855915270345591e-04
1.643338232542457263e+03 7.500000000000000000e+00 2.460796403419743912e-04
1.960422790678071578e+03 7.500000000000000000e+00 2.445328385293597676e-04
2.277507348813685894e+03 7.500000000000000000e+00 2.399829704220630402e-04
2.594591906949300210e+03 7.500000000000000000e+00 2.370663068694656259e-04
2.911676465084914526e+03 7.500000000000000000e+00 2.423207267304876343e-04
3.228761023220528841e+03 7.500000000000000000e+00 2.413430480164891509e-04
3.750000000000000000e+02 8.282142857142856585e+00 3.878025757587058196e-04
6.920845581356143157e+02 8.282142857142856585e+00 2.852324179833357781e-04
1.009169116271228631e+03 8.282142857142856585e+00 2.481516081404656687e-04
1.326253674406842947e+03 8.282142857142856585e+00 2.333516687910805085e-04
1.643338232542457263e+03 8.282142857142856585e+00 2.228420728374377738e-04
1.960422790678071578e+03 8.282142857142856585e+00 2.214414003087576417e-04
2.277507348813685894e+03 8.282142857142856585e+00 2.173213975257187519e-04
2.594591906949300210e+03 8.282142857142856585e+00 2.146803505487243776e-04
2.911676465084914526e+03 8.282142857142856585e+00 2.194385068832560397e-04
3.750000000000000000e+02 9.064285714285714946e+00 3.543377215538262700e-04
6.920845581356143157e+02 9.064285714285714946e+00 2.606201873336783364e-04
1.009169116271228631e+03 9.064285714285714946e+00 2.267398158328974935e-04
1.326253674406842947e+03 9.064285714285714946e+00 2.132172175086230936e-04
1.643338232542457263e+03 9.064285714285714946e+00 2.036147712724596008e-04
1.960422790678071578e+03 9.064285714285714946e+00 2.023350095519442168e-04
2.277507348813685894e+03 9.064285714285714946e+00 1.985706872227827405e-04
2.594591906949300210e+03 9.064285714285714946e+00 1.961576917903711350e-04
3.750000000000000000e+02 9.846428571428571530e+00 3.261893733040658857e-04
6.920845581356143157e+02 9.846428571428571530e+00 2.399180609994896009e-04
1.009169116271228631e+03 9.846428571428571530e+00 2.087296794951645892e-04
1.326253674406842947e+03 9.846428571428571530e+00 1.962814931222181894e-04
1.643338232542457263e+03 9.846428571428571530e+00 1.874420792374067958e-04
1.960422790678071578e+03 9.846428571428571530e+00 1.862640181178329218e-04
2.277507348813685894e+03 9.846428571428571530e+00 1.827988711695512861e-04
3.750000000000000000e+02 1.062857142857142811e+01 3.021838265694197110e-04
6.920845581356143157e+02 1.062857142857142811e+01 2.222628203790522148e-04
1.009169116271228631e+03 1.062857142857142811e+01 1.933702287064925738e-04
1.326253674406842947e+03 1.062857142857142811e+01 1.818383250882857750e-04
1.643338232542457263e+03 1.062857142857142811e+01 1.736496424103501528e-04
1.960422790678071578e+03 1.062857142857142811e+01 1.725581522311025985e-04
3.750000000000000000e+02 1.141071428571428470e+01 2.814691813194029717e-04
6.920845581356143157e+02 1.141071428571428470e+01 2.070279227765751040e-04
1.009169116271228631e+03 1.141071428571428470e+01 1.801164038476170989e-04
1.326253674406842947e+03 1.141071428571428470e+01 1.693751595755411325e-04
1.643338232542457263e+03 1.141071428571428470e+01 1.617479998612055036e-04
3.750000000000000000e+02 1.219285714285714306e+01 2.634121269875456194e-04
6.920845581356143157e+02 1.219285714285714306e+01 1.937475904056414500e-04
1.009169116271228631e+03 1.219285714285714306e+01 1.685629814778193223e-04
1.326253674406842947e+03 1.219285714285714306e+01 1.585109591727310128e-04
3.750000000000000000e+02 1.297499999999999964e+01 2.475320587752350733e-04
6.920845581356143157e+02 1.297499999999999964e+01 1.820683552351124498e-04
1.009169116271228631e+03 1.297499999999999964e+01 1.584024548232168821e-04
3.750000000000000000e+02 1.375714285714285623e+01 2.334576683022689776e-04
6.920845581356143157e+02 1.375714285714285623e+01 1.717171329293927496e-04
3.750000000000000000e+02 1.453928571428571459e+01 2.208975455290760237e-04
