2.896124304242684957e+02 7.843200000000000394e+00 5.013182484685006031e-04
4.896124304242684957e+02 7.843200000000000394e+00 3.511041858696861565e-04
6.896124304242684957e+02 7.843200000000000394e+00 3.012465402031674856e-04
8.896124304242684957e+02 7.843200000000000394e+00 2.743279171341904692e-04
1.089612430424268496e+03 7.843200000000000394e+00 2.577401178021825686e-04
1.796536752107318080e+03 7.843200000000000394e+00 2.322364693767002986e-04
2.503461073790369483e+03 7.843200000000000394e+00 2.281070394605720338e-04
3.210385395473419521e+03 7.843200000000000394e+00 2.313586192954574753e-04
3.917309717156470924e+03 7.843200000000000394e+00 2.387339617649026692e-04
4.505572624533841008e+03 7.843200000000000394e+00 2.486857881821093229e-04
4.618987075221819396e+03 7.843200000000000394e+00 2.490187857339089738e-04
4.732401525909797783e+03 7.843200000000000394e+00 2.493840809922257397e-04
4.845815976597776171e+03 7.843200000000000394e+00 2.598217004084865038e-04
4.959230427285755468e+03 7.843200000000000394e+00 2.602318432379385500e-04
2.896124304242684957e+02 9.150400000000001199e+00 4.297078805113810763e-04
4.896124304242684957e+02 9.150400000000001199e+00 3.009502444408173293e-04
6.896124304242684957e+02 9.150400000000001199e+00 2.582153638138476532e-04
8.896124304242684957e+02 9.150400000000001199e+00 2.351424419124080402e-04
1.089612430424268496e+03 9.150400000000001199e+00 2.209244949459747496e-04
1.796536752107318080e+03 9.150400000000001199e+00 1.990639409713298546e-04
2.503461073790369483e+03 9.150400000000001199e+00 1.955243533616179410e-04
3.210385395473419521e+03 9.150400000000001199e+00 1.983113433353870365e-04
3.917309717156470924e+03 9.150400000000001199e+00 2.046330084488697139e-04
4.505572624533841008e+03 9.150400000000001199e+00 2.131630601505822879e-04
4.618987075221819396e+03 9.150400000000001199e+00 2.134485376734336691e-04
4.732401525909797783e+03 9.150400000000001199e+00 2.137617015013958469e-04
4.845815976597776171e+03 9.150400000000001199e+00 2.227079649230107635e-04
2.896124304242684957e+02 1.045760000000000112e+01 3.760001048242314126e-04
4.896124304242684957e+02 1.045760000000000112e+01 2.633347885667436925e-04
6.896124304242684957e+02 1.045760000000000112e+01 2.259419817679603692e-04
8.896124304242684957e+02 1.045760000000000112e+01 2.057533357655378574e-04
1.089612430424268496e+03 1.045760000000000112e+01 1.933127780999518563e-04
1.796536752107318080e+03 1.045760000000000112e+01 1.741845449338916556e-04
2.503461073790369483e+03 1.045760000000000112e+01 1.710873390419748576e-04
3.210385395473419521e+03 1.045760000000000112e+01 1.735258866034406237e-04
3.917309717156470924e+03 1.045760000000000112e+01 1.790572936883702440e-04
4.505572624533841008e+03 1.045760000000000112e+01 1.865210143399288062e-04
4.618987075221819396e+03 1.045760000000000112e+01 1.867708518469810854e-04
4.732401525909797783e+03 1.045760000000000112e+01 1.870449170603115125e-04
2.896124304242684957e+02 1.176480000000000103e+01 3.342273906504585252e-04
4.896124304242684957e+02 1.176480000000000103e+01 2.340783230625472042e-04
6.896124304242684957e+02 1.176480000000000103e+01 2.008404626108005323e-04
8.896124304242684957e+02 1.176480000000000103e+01 1.828951433624404930e-04
1.089612430424268496e+03 1.176480000000000103e+01 1.718369985939244282e-04
1.796536752107318080e+03 1.176480000000000103e+01 1.548339038084182702e-04
2.503461073790369483e+03 1.176480000000000103e+01 1.520807725752544430e-04
3.210385395473419521e+03 1.176480000000000103e+01 1.542483093569195344e-04
3.917309717156470924e+03 1.176480000000000103e+01 1.591650712982450703e-04
4.505572624533841008e+03 1.176480000000000103e+01 1.657994236335533971e-04
4.618987075221819396e+03 1.176480000000000103e+01 1.660215408432289008e-04
2.896124304242684957e+02 1.307200000000000095e+01 3.008092260135849898e-04
4.896124304242684957e+02 1.307200000000000095e+01 2.106731508175089878e-04
6.896124304242684957e+02 1.307200000000000095e+01 1.807592474751563971e-04
8.896124304242684957e+02 1.307200000000000095e+01 1.646085905413551627e-04
1.089612430424268496e+03 1.307200000000000095e+01 1.546563752259108668e-04
1.796536752107318080e+03 1.307200000000000095e+01 1.393533911213314948e-04
2.503461073790369483e+03 1.307200000000000095e+01 1.368755196054170494e-04
3.210385395473419521e+03 1.307200000000000095e+01 1.388262477502072737e-04
3.917309717156470924e+03 1.307200000000000095e+01 1.432512935673931878e-04
4.505572624533841008e+03 1.307200000000000095e+01 1.492221506819410343e-04
2.896124304242684957e+02 1.437920000000000087e+01 2.734671050794006413e-04
4.896124304242684957e+02 1.437920000000000087e+01 1.915234645792585294e-04
6.896124304242684957e+02 1.437920000000000087e+01 1.643291625482590104e-04
8.896124304242684957e+02 1.437920000000000087e+01 1.496468657054333886e-04
1.089612430424268496e+03 1.437920000000000087e+01 1.405995017764551439e-04
1.796536752107318080e+03 1.437920000000000087e+01 1.266875172985614645e-04
2.503461073790369483e+03 1.437920000000000087e+01 1.244348580526246750e-04
3.210385395473419521e+03 1.437920000000000087e+01 1.262081975178866715e-04
3.917309717156470924e+03 1.437920000000000087e+01 1.302309301343061157e-04
2.896124304242684957e+02 1.568640000000000256e+01 2.506820044895563602e-04
4.896124304242684957e+02 1.568640000000000256e+01 1.755653926666552985e-04
6.896124304242684957e+02 1.568640000000000256e+01 1.506374252681032450e-04
8.896124304242684957e+02 1.568640000000000256e+01 1.371787618547387535e-04
1.089612430424268496e+03 1.568640000000000256e+01 1.288854407659324839e-04
1.796536752107318080e+03 1.568640000000000256e+01 1.161326226240593575e-04
2.503461073790369483e+03 1.568640000000000256e+01 1.140676401509607544e-04
3.210385395473419521e+03 1.568640000000000256e+01 1.156931558163818021e-04
2.896124304242684957e+02 1.699360000000000070e+01 2.314023041688063442e-04
4.896124304242684957e+02 1.699360000000000070e+01 1.620624070147580053e-04
6.896124304242684957e+02 1.699360000000000070e+01 1.390521092383813575e-04
8.896124304242684957e+02 1.699360000000000070e+01 1.266288281840750245e-04
1.089612430424268496e+03 1.699360000000000070e+01 1.189735430278731433e-04
1.796536752107318080e+03 1.699360000000000070e+01 1.072015580636035130e-04
2.503461073790369483e+03 1.699360000000000070e+01 1.052953790062434366e-04
2.896124304242684957e+02 1.830080000000000240e+01 2.148768469215099944e-04
4.896124304242684957e+02 1.830080000000000240e+01 1.504884194171932771e-04
6.896124304242684957e+02 1.830080000000000240e+01 1.291218378369878028e-04
8.896124304242684957e+02 1.830080000000000240e+01 1.175860284352488069e-04
1.089612430424268496e+03 1.830080000000000240e+01 1.104776306843697933e-04
1.796536752107318080e+03 1.830080000000000240e+01 9.954636002134235385e-05
2.896124304242684957e+02 1.960800000000000054e+01 2.005547841344750481e-04
4.896124304242684957e+02 1.960800000000000054e+01 1.404576302712214173e-04
6.896124304242684957e+02 1.960800000000000054e+01 1.205156026044630407e-04
8.896124304242684957e+02 1.960800000000000054e+01 1.097489348140303500e-04
1.089612430424268496e+03 1.960800000000000054e+01 1.031145069645898716e-04
