4.506433789363413780e+02 7.843200000000000394e+00 4.223375570797442105e-04
7.506433789363413780e+02 7.843200000000000394e+00 3.514022215605479651e-04
1.050643378936341378e+03 7.843200000000000394e+00 3.238853790072942921e-04
1.350643378936341378e+03 7.843200000000000394e+00 3.095687804113247303e-04
1.650643378936341378e+03 7.843200000000000394e+00 3.039404600170465300e-04
2.076363844831438655e+03 7.843200000000000394e+00 3.019370616875151824e-04
2.502084310726536387e+03 7.843200000000000394e+00 2.998413577703190852e-04
2.927804776621633209e+03 7.843200000000000394e+00 3.045276276759693803e-04
3.353525242516731396e+03 7.843200000000000394e+00 3.117314115927257096e-04
3.735729511135085431e+03 7.843200000000000394e+00 3.208190797123997864e-04
3.834625620462218194e+03 7.843200000000000394e+00 3.213596847117966039e-04
3.933521729789350502e+03 7.843200000000000394e+00 3.219461306592804706e-04
4.032417839116483265e+03 7.843200000000000394e+00 3.225772852053749944e-04
4.131313948443616027e+03 7.843200000000000394e+00 3.232438578244684361e-04
4.506433789363413780e+02 9.150400000000001199e+00 3.620093485299420992e-04
7.506433789363413780e+02 9.150400000000001199e+00 3.012081037480928737e-04
1.050643378936341378e+03 9.150400000000001199e+00 2.776219133668724544e-04
1.350643378936341378e+03 9.150400000000001199e+00 2.653508341935002725e-04
1.650643378936341378e+03 9.150400000000001199e+00 2.605261219803048909e-04
2.076363844831438655e+03 9.150400000000001199e+00 2.588086192403382256e-04
2.502084310726536387e+03 9.150400000000001199e+00 2.570126487307111706e-04
2.927804776621633209e+03 9.150400000000001199e+00 2.610291448114205833e-04
3.353525242516731396e+03 9.150400000000001199e+00 2.672035491474955256e-04
3.735729511135085431e+03 9.150400000000001199e+00 2.749927190983900995e-04
3.834625620462218194e+03 9.150400000000001199e+00 2.754561643619640211e-04
3.933521729789350502e+03 9.150400000000001199e+00 2.759589053455412415e-04
4.032417839116483265e+03 9.150400000000001199e+00 2.764999699341400409e-04
4.506433789363413780e+02 1.045760000000000112e+01 3.167631922853535089e-04
7.506433789363413780e+02 1.045760000000000112e+01 2.635625157056041513e-04
1.050643378936341378e+03 1.045760000000000112e+01 2.429243144808837648e-04
1.350643378936341378e+03 1.045760000000000112e+01 2.321873749045237308e-04
1.650643378936341378e+03 1.045760000000000112e+01 2.279653687811206890e-04
2.076363844831438655e+03 1.045760000000000112e+01 2.264622877040578714e-04
2.502084310726536387e+03 1.045760000000000112e+01 2.248911173110625149e-04
2.927804776621633209e+03 1.045760000000000112e+01 2.284052829782458902e-04
3.353525242516731396e+03 1.045760000000000112e+01 2.338076525990314476e-04
3.735729511135085431e+03 1.045760000000000112e+01 2.406229489109405610e-04
3.834625620462218194e+03 1.045760000000000112e+01 2.410285243646433778e-04
3.933521729789350502e+03 1.045760000000000112e+01 2.414684866336674982e-04
4.506433789363413780e+02 1.176480000000000103e+01 2.815717375775532785e-04
7.506433789363413780e+02 1.176480000000000103e+01 2.342826141766416099e-04
1.050643378936341378e+03 1.176480000000000103e+01 2.159372935462557195e-04
1.350643378936341378e+03 1.176480000000000103e+01 2.063935735681426346e-04
1.650643378936341378e+03 1.176480000000000103e+01 2.026403388074210271e-04
2.076363844831438655e+03 1.176480000000000103e+01 2.013040301083974062e-04
2.502084310726536387e+03 1.176480000000000103e+01 1.999077043637335536e-04
2.927804776621633209e+03 1.176480000000000103e+01 2.030311684993414884e-04
3.353525242516731396e+03 1.176480000000000103e+01 2.078330666484268360e-04
3.735729511135085431e+03 1.176480000000000103e+01 2.138909057925987502e-04
3.834625620462218194e+03 1.176480000000000103e+01 2.142514712690178613e-04
4.506433789363413780e+02 1.307200000000000095e+01 2.534185739455208758e-04
7.506433789363413780e+02 1.307200000000000095e+01 2.108586932073242990e-04
1.050643378936341378e+03 1.307200000000000095e+01 1.943476770504385959e-04
1.350643378936341378e+03 1.307200000000000095e+01 1.857585327985961825e-04
1.650643378936341378e+03 1.307200000000000095e+01 1.823803150982287308e-04
2.076363844831438655e+03 1.307200000000000095e+01 1.811774242712075797e-04
2.502084310726536387e+03 1.307200000000000095e+01 1.799209742882032005e-04
2.927804776621633209e+03 1.307200000000000095e+01 1.827318771684724832e-04
3.353525242516731396e+03 1.307200000000000095e+01 1.870533981163419624e-04
3.735729511135085431e+03 1.307200000000000095e+01 1.925052712223595001e-04
4.506433789363413780e+02 1.437920000000000087e+01 2.303841674594662243e-04
7.506433789363413780e+02 1.437920000000000087e+01 1.916936671900785441e-04
1.050643378936341378e+03 1.437920000000000087e+01 1.766834455986653226e-04
1.350643378936341378e+03 1.437920000000000087e+01 1.688753178958719240e-04
1.650643378936341378e+03 1.437920000000000087e+01 1.658039322906378760e-04
2.076363844831438655e+03 1.437920000000000087e+01 1.647102015311281166e-04
2.502084310726536387e+03 1.437920000000000087e+01 1.635681953920429621e-04
2.927804776621633209e+03 1.437920000000000087e+01 1.661233663089493277e-04
3.353525242516731396e+03 1.437920000000000087e+01 1.700518513431870029e-04
4.506433789363413780e+02 1.568640000000000256e+01 2.111888288328765836e-04
7.506433789363413780e+02 1.568640000000000256e+01 1.757228123870644484e-04
1.050643378936341378e+03 1.568640000000000256e+01 1.619632529294758060e-04
1.350643378936341378e+03 1.568640000000000256e+01 1.548059723932811496e-04
1.650643378936341378e+03 1.568640000000000256e+01 1.519902801753689756e-04
2.076363844831438655e+03 1.568640000000000256e+01 1.509875161139561208e-04
2.502084310726536387e+03 1.568640000000000256e+01 1.499408798790588992e-04
2.927804776621633209e+03 1.568640000000000256e+01 1.522829408029651582e-04
4.506433789363413780e+02 1.699360000000000070e+01 1.949466193289565140e-04
7.506433789363413780e+02 1.699360000000000070e+01 1.622090123642367418e-04
1.050643378936341378e+03 1.699360000000000070e+01 1.495077054789987364e-04
1.350643378936341378e+03 1.699360000000000070e+01 1.429011418139077504e-04
1.650643378936341378e+03 1.699360000000000070e+01 1.403018055107845496e-04
2.076363844831438655e+03 1.699360000000000070e+01 1.393760132528727594e-04
2.502084310726536387e+03 1.699360000000000070e+01 1.384100746608333675e-04
4.506433789363413780e+02 1.830080000000000240e+01 1.810247257282234000e-04
7.506433789363413780e+02 1.830080000000000240e+01 1.506257553829799237e-04
1.050643378936341378e+03 1.830080000000000240e+01 1.388315221283669494e-04
1.350643378936341378e+03 1.830080000000000240e+01 1.326970015494845874e-04
1.650643378936341378e+03 1.830080000000000240e+01 1.302831131288896647e-04
2.076363844831438655e+03 1.830080000000000240e+01 1.294232966858773197e-04
4.506433789363413780e+02 1.960800000000000054e+01 1.689590848824651175e-04
7.506433789363413780e+02 1.960800000000000054e+01 1.405869328349683943e-04
1.050643378936341378e+03 1.960800000000000054e+01 1.295788300575055434e-04
1.350643378936341378e+03 1.960800000000000054e+01 1.238534135970298833e-04
1.650643378936341378e+03 1.960800000000000054e+01 1.216002465731582684e-04
